921535601474420767
1163243781634662510
1143993638641221793
920479311549562910
1109588711362003096
1063566836337221662
1163244508822130778
1163244509958774835
600045682489032705
1124906992373350410
1120268371582255185
1122220677538267266
921575157393424414
934198640178757682
1004524353720959056
1020014613519138836
1163244510785044550
742583575727177818
1163244510650830898
1145070351299133531
1009589811973193778
1167176202642002042
1163244509132492890
1199398313993175213
1063566294147940363
1163243781752115283
1150998654723838062
779624276164608022
837512379419721768
981899567429726268
694250387322044477
875481677932134463
1141269464109826099
1028154374993760257
1208807204484947988
960513173205700668
1007075904314429500
1212403252923211867
921534230075424838
709533507847979028
990915560516771911
1214230200393531435
1081579626897342555
1124120152011714620
1176854907094061076
1079456145678270606
1089118403081547837
1043906326532726915
842988496763486208
1216303844519317505
521566237323689984
1199640153875034172
825175119793225789
920273258639659008
909938879950372924
1122426922744434700
