878294931662307398
1005074548879798485
1086807868130476102
1126696276268961934
1183003846885257266
883439050374119475
604923880649261058
909586272782270495
1015925663758295120
1149863670948569118
1172625894586732580 
938415365514489887
1113227736337612860
1204549604901650495
1023693578519707659
785147017478930433
1169441226030850133
1102415150750896180
1208897407996399678
674442657677967373
1180724448291213432
1158112783641092288
1163187731954938008
1211859905481277490
683079389289644038
683079389289644038
1127668403658817646